#Disease_id Entrez_id
1 1586
3 3028
4 36
5 3284
6 3033
7 56922
7 64087
8 549
9 80207
10 9820
12 7172
13 2245
14 3106
15 1910
17 338
17 4547
18 6662
21 847
22 4193
24 8086
25 64327
26 1280
27 1836
28 2261
29 1261
29 2780
29 54714
30 3483
31 3757
32 2737
33 3549
34 55630
36 488
38 2778
38 6755
39 4882
39 8200
44 33
44 34
44 35
45 673
45 1956
45 2064
45 5071
46 324
47 324
47 4595
47 5324
49 100
50 158
52 9370
53 190
53 1584
53 1589
53 5447
54 5573
55 9095
56 215
56 5189
56 5192
56 5194
56 5830
56 55670
57 215
58 2651
59 8626
60 8864
61 2243
61 2244
63 695
63 3507
63 3543
63 56262
64 2628
65 9990
69 471
70 3458
70 3811
70 6387
71 182
72 4948
72 7299
72 7306
74 3356
75 2555
76 226
77 1585
78 1584
79 2670
79 4723
80 3081
82 6567
83 3596
85 55806
86 5428
87 12
88 89
90 38
91 23600
92 546
94 1285
94 1286
94 1287
95 7840
96 477
97 79058
98 2
98 323
98 348
98 351
98 642
98 1636
98 4353
98 4846
98 5328
98 5663
98 5664
98 22976
99 265
99 1747
99 9622
99 10117
100 8869
101 272
102 7276
103 335
103 351
103 2243
103 2934
103 4069
103 7276
104 1639
104 4744
104 5630
104 6647
104 9217
104 57679
105 213
107 4157
108 51128
109 367
110 22
110 212
110 4891
110 5313
110 6005
110 6223
110 6710
110 51251
110 146059
113 4204
113 7337
114 710
114 7512
115 4221
117 1636
118 3240
119 5080
121 3106
122 6657
124 3356
126 2138
126 2296
126 2301
126 5309
127 462
128 5447
129 6532
130 2200
131 2263
132 2255
133 3458
133 7012
133 7015
134 590
136 335
136 336
136 345
136 350
137 3291
138 358
139 26276
140 383
140 435
142 1588
143 1644
144 1832
144 5318
144 6262
146 7136
146 7140
146 7169
147 8838
150 175
151 54413
151 57502
153 154
153 240
153 2206
153 3176
153 3593
153 3596
153 5729
153 7124
153 7356
153 7941
153 51131
153 117156
153 387129
154 785
154 7274
154 23064
154 54840
154 85300
157 472
157 4361
160 1836
160 2317
162 3198
163 240
164 3566
164 6403
164 7941
164 11005
164 26762
165 7018
166 1482
166 2626
166 3784
166 4624
166 9992
167 55806
168 1482
168 2697
168 78987
171 1816
173 2739
173 4204
173 54413
173 57502
174 326
174 355
174 841
174 843
175 1815
177 2296
178 8287
178 50511
180 2304
182 5728
183 582
183 583
183 585
183 8195
183 55212
183 84100
183 123016
183 129880
184 4261
184 5993
184 5994
184 6891
184 6892
185 6901
186 2706
187 1187
187 1188
187 3758
187 6557
187 7809
188 5727
188 5921
188 6608
188 8643
190 605
191 3459
192 2263
193 1756
193 4618
194 1028
194 10984
194 64324
194 283120
195 1728
196 2811
196 2812
196 2815
197 3115
198 154
199 51733
200 1291
200 1292
200 1293
201 285440
202 6555
203 686
204 7494
205 201163
207 2261
207 3265
207 3845
207 5925
208 64127
209 5023
209 6915
210 668
211 1816
212 28
212 43
212 358
212 360
212 420
212 682
212 960
212 1378
212 1604
212 2525
212 2651
212 2993
212 2994
212 2995
212 3386
212 3792
212 4059
212 6006
212 6521
212 6563
212 7499
212 8706
212 53947
213 641
214 2652
214 5956
216 2523
216 2524
217 4041
218 84295
220 3198
221 6017
224 658
224 3239
224 3549
224 4920
224 8200
225 8787
225 342880
226 2138
228 367
228 472
228 580
228 672
228 675
228 999
228 3845
228 5002
228 5245
228 5290
228 5888
228 7157
228 7251
228 7517
228 8438
228 8493
228 9821
228 11200
228 83990
231 487
233 5352
234 6331
235 4128
237 4609
238 23592
239 5961
240 712
240 713
240 714
240 716
240 717
240 718
240 720
240 721
240 729
240 730
240 732
240 735
240 3426
252 4292
252 4436
253 1277
254 2591
254 8074
255 6662
256 10216
257 7040
258 443
259 2264
259 2956
261 5921
262 1373
263 4247
263 4351
263 5373
264 1369
265 6392
267 9997
268 70
268 859
268 1355
268 1674
268 1756
268 2070
268 4000
268 4607
268 4624
268 4625
268 4633
268 4634
268 5350
268 6444
268 6901
268 7134
268 7137
268 7139
268 7168
268 7273
268 8048
268 8557
268 10060
268 51422
268 85366
269 4626
269 5573
271 788
272 6584
275 7276
276 6023
277 1409
277 1410
277 1411
277 1414
277 1415
277 1420
277 1421
277 2700
277 2703
277 3299
277 3982
277 4284
277 5080
277 5309
277 8419
279 889
283 966
284 925
287 627
287 1908
287 2668
287 5979
287 8929
289 773
289 1356
291 19
291 1471
292 2068
292 2073
292 2074
293 1593
294 12
295 5538
296 1200
296 1201
296 1203
296 2055
296 5538
296 54982
298 2261
299 1071
300 51099
301 1785
301 1959
301 2617
301 2705
301 3236
301 3315
301 4359
301 4747
301 5376
301 7879
301 8898
301 9516
301 9927
301 10397
301 23095
301 54332
301 79628
301 81846
302 55636
303 7021
304 1130
305 6452
306 50814
307 1118
308 1811
309 5244
310 5205
310 5244
310 8647
310 80270
313 3988
314 56172
315 415
315 8443
315 10682
316 2130
316 2131
316 8013
318 7080
319 23230
320 7080
323 1121
326 85358
327 1535
327 1536
327 4687
327 4688
328 546
329 4023
330 51128
331 1767
331 27019
332 114548
334 3856
334 3875
334 84916
335 445
335 10165
336 4487
336 5818
336 50945
337 860
338 4693
339 1161
339 2074
340 1565
341 6197
342 157680
343 5243
344 114548
345 5080
345 6469
346 324
346 581
346 595
346 673
346 699
346 701
346 1499
346 1630
346 2033
346 2261
346 2956
346 4163
346 4292
346 4436
346 4595
346 4893
346 4953
346 5157
346 5290
346 5320
346 5378
346 5395
346 5782
346 5795
346 6714
346 7048
346 7157
346 8313
346 8438
346 8915
346 10395
346 25788
346 27030
346 201163
347 5979
348 611
348 2652
348 5956
350 3998
351 4726
351 91647
352 24
352 1406
352 2978
352 3000
352 6103
352 23746
352 57096
354 1798
354 2683
354 8813
354 9526
354 10195
354 29929
354 55343
354 56052
354 79053
354 79087
354 79796
354 85365
354 91949
355 152
355 153
356 5340
357 6899
358 2201
359 84059
360 4312
361 1371
362 335
362 1296
362 4070
362 7045
362 11081
362 30813
362 200576
364 25836
365 19
365 4205
365 4314
365 5444
365 5445
365 9365
366 3476
367 2908
368 3290
368 9563
369 3265
370 1548
372 657
372 5728
374 1374
374 1376
376 6329
377 30813
378 5077
379 2263
380 1947
382 56172
383 2263
383 4488
384 3897
385 859
388 3119
388 5621
389 54658
390 9231
390 64127
391 2261
391 2263
392 3640
392 122042
394 3110
395 538
395 2006
395 10516
396 3848
397 1540
398 1491
399 1080
400 1497
401 6519
401 11136
402 257054
404 488
405 3295
406 71
406 182
406 491
406 1302
406 1428
406 1678
406 1687
406 1690
406 1729
406 1834
406 2070
406 2706
406 2707
406 4627
406 4640
406 4646
406 4647
406 5172
406 5456
406 5459
406 7007
406 9132
406 9381
406 10083
406 10804
406 23562
406 25861
406 51168
406 53904
406 57214
406 64072
406 64699
406 65217
406 79784
406 79977
406 83715
406 117531
406 146183
406 161497
406 259236
406 375611
407 1565
410 1959
410 4359
410 5376
410 57716
411 15
412 4137
412 5663
412 6620
412 6622
412 7124
412 9445
413 30835
414 860
415 1822
416 1184
416 4952
417 1834
418 1834
420 7490
422 5155
424 2074
425 324
426 1718
427 208
427 1636
427 2642
427 2645
427 2820
427 3172
427 3643
427 3651
427 3667
427 3767
427 4760
427 5167
427 5468
427 6514
427 6517
427 6833
427 6927
427 6928
427 7422
427 8660
427 9479
427 11132
427 26191
427 50943
427 56729
427 256297
427 387082
430 1836
432 6899
433 1807
434 1832
435 29958
438 5447
439 1277
440 7150
440 7153
441 1621
443 190
444 55997
445 4548
446 2202
447 2166
449 57167
450 1244
451 1756
452 54808
453 213
454 8518
455 103
456 2623
457 2243
457 2244
457 2266
458 1736
458 7012
459 9856
459 161582
460 2147
461 3339
462 478
462 1813
462 1816
462 1861
462 2643
462 8910
463 7276
465 1294
466 1896
466 4792
466 5317
466 5818
466 8517
466 10804
466 10913
466 128178
467 2200
467 5080
468 8626
470 1277
470 1278
470 1281
470 1289
470 1290
470 5351
470 7148
470 9509
470 11285
471 89
472 2035
472 6521
472 6708
472 6710
473 2121
473 132884
474 2010
474 4000
475 5265
476 1352
476 5274
477 5745
479 999
479 2956
479 4437
479 5728
481 7099
482 8292
483 10002
484 5172
485 2027
487 5651
491 8288
492 11322
492 147138
493 1294
493 1308
493 1832
493 3655
493 3691
493 3852
493 3861
493 3909
493 3914
493 3918
493 5339
494 3848
494 3857
494 3858
495 785
495 1137
495 1141
495 1181
495 1476
495 2554
495 2566
495 3785
495 3786
495 4200
495 6323
495 6853
495 7957
495 8629
495 9211
495 79751
495 378884
496 1297
496 1298
496 1299
496 1311
496 1836
496 4148
497 773
497 3736
498 4978
500 4627
502 6335
504 3039
504 3043
505 2057
505 3040
507 2707
507 4014
507 127534
508 6049
508 7048
508 11178
508 51741
509 2099
510 23474
511 2130
512 3939
514 2131
514 2132
515 4041
515 4693
515 8322
516 5080
517 29881
518 2717
519 2489
520 2155
520 2159
520 2160
520 2161
520 2162
520 2165
520 3075
520 90411
522 4210
523 675
523 2175
523 2176
523 2177
523 2178
523 2187
523 2188
523 2189
523 55120
523 57697
523 83990
524 6514
526 427
527 3030
528 2539
530 4627
531 4613
532 2798
535 6690
537 6654
537 118429
538 401
538 55605
539 8200
540 3931
541 2328
542 3827
544 1806
545 7248
546 2488
547 6997
548 5080
549 5961
550 2332
551 80144
551 341640
552 7490
553 2395
554 2316
555 2203
556 229
557 3795
558 1296
559 2517
560 2528
561 2271
562 24
562 5959
562 6017
563 2539
564 18
565 2584
566 2582
567 2592
568 5476
570 2593
571 324
572 324
572 843
572 999
572 1316
572 2064
572 2263
572 3553
572 3557
572 3659
572 4595
574 3815
574 5156
575 2629
575 5660
576 64221
578 3778
578 6324
580 3815
580 8915
581 5621
582 8139
583 5155
584 2812
586 54658
587 6559
588 3674
588 3690
589 1545
589 4653
589 4976
589 10133
590 1755
590 2064
590 4436
590 5468
590 9211
594 6928
596 81
596 7225
596 23607
597 11146
598 4158
598 56246
599 6523
600 6513
601 7841
602 10841
603 2108
603 2109
603 2110
603 2639
604 2937
607 2710
608 275
608 2653
608 2731
608 27232
609 5256
609 5261
610 178
610 2538
610 2542
610 2548
610 2632
610 2998
610 3920
610 5213
610 5836
614 2720
614 2760
614 3073
615 203859
617 7038
617 7173
618 26128
619 6736
619 50846
622 617
623 3586
624 1493
624 2638
625 3930
626 2737
627 4644
627 5873
627 79083
628 2692
628 6777
630 3209
632 4942
633 27032
634 1075
638 3209
639 1371
640 80025
641 340024
643 8626
644 19
644 2099
646 7466
647 6331
648 3039
648 3040
648 3043
649 3030
650 7428
651 2324
651 3791
652 1991
653 1286
654 3162
656 773
657 3077
657 7036
657 30061
657 57817
657 148738
659 3040
660 203
660 669
660 2539
660 2729
660 2821
660 2937
660 3098
660 5230
660 6521
660 7167
661 3075
662 5551
662 201294
663 2157
663 2158
664 2153
664 5265
665 1356
666 6341
668 841
668 1499
668 3482
668 4233
668 5157
668 6927
668 7157
668 8312
669 94
669 2022
670 3257
670 8546
670 11234
670 79803
670 84062
670 84343
670 89781
675 7547
675 55997
676 2316
677 3073
679 3827
681 1889
681 1908
681 1910
681 2668
681 4902
681 5979
681 8929
682 3034
683 7157
684 1231
684 1234
684 3586
684 6352
686 3155
686 3158
688 3141
689 5727
689 6469
689 6496
689 7050
689 7546
696 6910
697 1491
698 875
698 4524
699 4552
701 6519
702 1736
703 3043
703 3047
703 3048
704 3251
705 3459
708 3064
708 5621
708 6908
708 57338
710 118429
712 3897
716 1071
717 5832
718 1589
719 5465
720 54658
721 55811
723 570
723 2052
723 9414
724 336
724 338
724 2053
724 3700
724 3949
724 10842
724 26119
724 255738
725 2741
725 2743
726 5156
727 2512
728 4598
731 2645
732 2746
733 6329
734 889
736 7391
737 344
737 348
738 10157
739 191
739 4143
740 10166
741 4041
742 189
742 9380
743 846
743 4221
743 79577
746 5053
746 5092
748 3630
749 5625
749 8659
750 5972
751 2147
752 118
752 183
752 185
752 1577
752 1889
752 2784
752 3291
752 3779
752 4306
752 4846
752 5740
752 56729
754 7253
755 7173
757 335
757 6101
757 116519
757 149998
758 1080
759 7369
761 1585
762 335
763 338
764 846
765 846
766 1356
767 2261
768 3040
769 4487
769 5083
770 2266
771 29760
772 6833
773 3972
774 2798
774 3973
774 26012
774 84634
775 3240
776 779
776 6329
776 10008
777 3938
777 4175
778 486
778 10686
778 140803
779 5741
779 9247
780 6905
781 2625
782 249
783 1184
783 5251
784 8074
785 10117
786 2147
787 1493
787 6528
787 7038
787 7252
787 7253
787 7849
787 50506
788 1001
788 1041
788 54345
788 147409
791 116085
792 2706
793 242
793 7051
793 59344
794 412
794 3848
794 3849
794 3858
794 7051
794 26154
794 348938
795 29851
797 51131
798 3501
799 2209
801 1789
802 916
802 917
802 958
802 959
802 7374
802 57379
803 50943
804 23495
805 4620
805 7415
805 10020
806 8517
807 170302
809 6658
810 3704
811 4914
812 2562
812 5621
814 5468
814 5506
814 5770
816 3559
817 1298
817 1299
819 3480
819 3481
820 2694
821 51135
822 2296
822 5308
823 2296
824 2495
824 7018
825 2688
826 3712
827 2260
827 2263
829 1678
830 3753
830 3784
831 4867
831 54806
832 546
833 4089
835 3816
836 2260
836 3730
837 4668
838 3569
839 3514
840 1767
840 8701
840 27019
841 6905
842 5080
843 2706
844 30813
845 2706
847 1828
847 1832
847 3848
847 6303
848 5019
849 4256
850 55612
851 3827
853 55109
854 1280
855 80781
856 2581
857 79944
858 3945
859 8050
862 6473
863 2690
865 2317
868 3909
869 6309
870 3030
871 210
872 181
873 1406
873 3000
873 6121
873 23418
873 23746
873 57096
873 145226
874 93
874 7044
875 1837
876 7100
877 617
877 1355
877 2654
877 4722
877 4723
877 4724
877 4728
877 5160
877 6389
877 6834
877 10128
877 374291
878 1288
878 2271
880 5781
881 3643
882 5071
883 6473
884 3251
886 25
886 405
886 595
886 596
886 613
886 861
886 1050
886 1728
886 2322
886 2623
886 3233
886 3815
886 3845
886 4026
886 4683
886 4763
886 4869
886 4926
886 5027
886 5371
886 5781
886 6777
886 6886
886 6887
886 6955
886 7704
886 8021
886 8028
886 8301
886 8833
886 10320
886 10962
886 23092
886 23365
886 26511
886 54904
886 115761
889 3689
891 1967
891 8890
891 8891
891 8892
891 8893
894 3973
895 5728
896 6338
896 6340
897 1029
898 7157
898 11200
899 3981
901 8626
902 4000
902 5468
902 10555
902 10891
902 26580
903 1583
903 6770
904 4026
904 4221
904 8091
906 4023
908 1641
908 5048
908 5649
908 170302
909 999
910 7046
910 7048
911 1071
911 11216
912 287
912 3753
912 3757
912 3759
912 3784
912 6331
912 9992
913 1639
914 4952
915 1585
916 4018
917 8483
918 1326
918 3845
918 5002
918 5519
919 2212
920 7248
920 7249
921 2303
921 2324
925 472
925 606
925 2213
925 4068
925 4436
925 5910
925 8379
925 8438
925 8915
925 25788
930 4436
931 9056
933 4287
935 3659
936 2623
937 3075
937 6103
937 10516
937 54714
937 83872
938 7439
939 2289
940 948
940 2995
940 3383
940 4843
940 7124
942 779
942 6261
943 23417
944 10892
945 10269
947 4125
947 4126
948 593
948 594
948 1629
948 2654
950 1278
950 2200
952 411
953 1301
955 3897
956 10747
957 2200
958 3815
959 3815
960 51324
961 4627
962 5837
963 2778
964 8195
965 7504
969 7369
970 8643
970 51684
971 3850
971 3859
973 57591
974 23209
975 8029
975 81693
978 673
978 1019
978 1029
978 6794
978 7517
979 57152
981 2316
982 23592
984 627
985 1690
986 4330
986 4771
986 5155
986 5728
987 4153
988 538
990 186
990 1741
990 2182
990 2245
990 2334
990 2664
990 4204
990 4983
990 5063
990 6197
990 6535
990 6611
990 6658
990 7102
990 7592
990 8242
990 8492
990 9459
990 11141
990 24140
990 51185
990 57502
990 170302
990 347344
991 1557
992 6392
993 7490
995 8915
996 410
996 5660
997 1300
997 5745
997 6023
999 1528
999 1727
999 3039
999 3043
1001 4143
1002 4548
1003 4329
1004 4594
1004 166785
1004 326625
1005 4598
1006 8625
1007 55755
1007 55835
1007 60386
1007 79648
1007 259266
1009 3913
1011 3973
1012 4990
1012 54880
1012 338917
1013 477
1013 1909
1013 2099
1013 7124
1014 7531
1016 617
1016 4719
1016 4720
1016 4723
1016 4724
1016 6389
1016 7381
1018 8291
1020 2645
1020 3172
1020 3630
1020 3651
1020 6927
1020 6928
1022 1678
1023 4337
1023 4338
1023 10243
1024 3887
1024 3892
1026 5080
1028 9839
1029 493818
1030 114548
1031 23373
1031 84441
1032 57192
1032 79158
1032 84572
1033 2588
1033 2720
1033 2799
1033 2990
1033 3373
1033 3423
1033 3425
1034 2261
1035 4292
1035 4436
1036 4591
1037 4221
1037 5979
1038 55624
1039 2660
1039 5255
1040 825
1040 859
1040 2218
1040 3908
1040 5339
1040 6442
1040 6443
1040 6444
1040 6445
1040 7273
1040 8291
1040 8557
1040 9215
1040 9499
1040 10585
1040 22954
1040 57190
1040 79147
1041 8144
1042 1103
1042 1134
1042 1140
1042 1144
1042 1145
1042 5913
1042 6329
1043 3459
1043 3460
1043 3594
1043 6556
1043 6772
1045 3659
1045 4197
1045 23305
1046 3717
1047 865
1047 1436
1047 3659
1047 23305
1049 7852
1050 5159
1051 4353
1052 5159
1053 270
1054 241
1054 348
1054 1636
1054 2155
1054 2730
1054 3957
1054 4049
1054 4973
1054 7056
1054 7292
1055 2566
1055 114327
1055 170302
1056 5230
1057 3785
1058 1890
1059 58
1059 859
1059 1376
1059 1410
1059 1674
1059 3679
1059 4618
1059 4625
1059 5224
1059 8291
1061 9499
1062 1180
1062 6329
1063 1760
1063 7555
1064 4534
1065 1649
1066 5573
1067 162417
1070 4010
1071 4810
1073 3060
1074 7157
1075 7305
1075 54209
1077 3728
1078 4703
1078 7138
1078 7169
1078 7170
1080 554
1081 1184
1081 22891
1082 4867
1082 27031
1082 27130
1082 261734
1084 3075
1085 977
1087 4868
1087 7827
1088 11005
1090 4522
1091 4830
1091 8929
1092 80025
1093 5395
1095 4763
1096 4763
1097 4436
1097 4763
1097 4771
1098 4601
1099 1959
1099 3315
1099 4359
1099 4803
1099 5376
1099 10558
1099 26353
1099 378465
1101 1991
1101 2214
1101 2672
1101 7454
1102 5880
1103 5351
1104 3858
1105 6017
1106 1137
1106 1548
1106 9568
1107 4864
1107 6609
1107 10577
1110 778
1110 2779
1110 5158
1110 6010
1110 60506
1111 4683
1112 10020
1113 6901
1114 843
1115 673
1115 1956
1115 3659
1116 5781
1117 4693
1118 3931
1119 2524
1122 4860
1126 154
1126 155
1126 181
1126 1646
1126 3952
1126 3953
1126 4159
1126 4160
1126 4915
1126 5122
1126 5167
1126 5443
1126 5468
1126 6492
1126 7350
1126 7351
1126 7352
1126 8431
1126 9607
1126 11254
1126 51738
1128 627
1128 3356
1128 6532
1129 538
1130 4157
1130 4935
1130 51151
1132 2697
1133 54880
1135 8106
1136 249
1137 6011
1137 6295
1138 5728
1139 5083
1140 8313
1141 5896
1141 5897
1141 64421
1142 4281
1143 1557
1144 4976
1144 80207
1145 8481
1146 5009
1147 3664
1148 1029
1149 7372
1150 6530
1151 1302
1152 2778
1153 5167
1154 1280
1154 2487
1154 4148
1154 54829
1156 1277
1156 1278
1157 4313
1157 8792
1161 1186
1161 4041
1161 10312
1161 28962
1162 23592
1163 796
1163 799
1163 1277
1163 1278
1163 4041
1163 6569
1164 4041
1165 8572
1166 7157
1166 11200
1168 2316
1170 672
1170 999
1170 1499
1170 2064
1170 2956
1170 4436
1170 5290
1170 22800
1171 8890
1171 8892
1171 8893
1172 3853
1172 3854
1172 3868
1172 3872
1173 4982
1173 8792
1173 8878
1174 4137
1175 2737
1176 3868
1178 91
1178 675
1178 1029
1178 3845
1178 4089
1178 5932
1178 6794
1178 7157
1178 7873
1179 1080
1179 5644
1179 6690
1183 672
1184 1075
1186 6390
1186 6391
1186 6392
1188 6329
1189 4221
1189 79577
1190 4488
1190 60529
1191 5921
1192 1621
1192 4729
1192 4929
1192 5071
1192 6622
1192 6908
1192 7345
1192 9627
1192 11315
1192 65018
1192 120892
1195 25953
1196 170302
1198 6663
1199 3930
1200 5354
1201 57165
1204 5172
1205 367
1206 7132
1207 1075
1209 10564
1210 5190
1210 5193
1212 268
1212 269
1213 1545
1213 5080
1214 6794
1215 2260
1215 2263
1216 5053
1216 5805
1216 5860
1217 5726
1218 6390
1218 6392
1218 7428
1220 26227
1221 5631
1222 5257
1223 5723
1225 5663
1226 3815
1227 51151
1229 23418
1230 1499
1232 2771
1232 2778
1232 7067
1233 4846
1234 5345
1235 5340
1237 861
1237 948
1237 7941
1237 64805
1238 6440
1239 201163
1241 5310
1241 5311
1241 5314
1241 8132
1242 3717
1242 7428
1243 2737
1244 9289
1245 657
1245 4089
1246 3664
1247 1282
1249 210
1249 3077
1249 3145
1249 5498
1249 7389
1249 7390
1253 4204
1254 4692
1254 6638
1256 3973
1257 183
1257 2052
1257 219736
1259 3818
1260 668
1260 1730
1261 57679
1263 5621
1265 291
1265 5428
1265 56652
1266 1557
1267 4221
1268 5184
1270 5199
1271 5095
1271 5096
1272 367
1272 463
1272 675
1272 1316
1272 2048
1272 4481
1272 4601
1272 5728
1272 6041
1272 8379
1272 11200
1272 60528
1273 5627
1274 1184
1276 2235
1277 170302
1278 1311
1279 3293
1279 3973
1281 4306
1281 6337
1281 6338
1281 6340
1281 65125
1281 65266
1282 2778
1283 6716
1284 1594
1285 368
1288 63869
1288 64127
1291 1439
1291 6435
1291 6439
1291 6440
1293 1513
1294 4842
1295 9051
1296 6708
1297 5091
1297 5160
1297 5162
1298 3643
1301 3207
1303 9401
1304 1524
1305 8626
1306 4157
1307 5189
1307 5191
1307 5264
1307 5828
1307 55670
1308 4233
1308 4968
1308 5546
1308 7030
1308 7428
1308 11236
1308 201163
1309 10084
1311 4988
1312 153
1314 10269
1315 4901
1315 8842
1315 9227
1315 114902
1316 24
1316 762
1316 1258
1316 1259
1316 1406
1316 3614
1316 4901
1316 5145
1316 5158
1316 5961
1316 5995
1316 6010
1316 6017
1316 6094
1316 6100
1316 6101
1316 6102
1316 6103
1316 6121
1316 7287
1316 7399
1316 9129
1316 10002
1316 10461
1316 10594
1316 23418
1316 23746
1316 25794
1316 26121
1316 375298
1317 5925
1318 5950
1320 6247
1321 4204
1321 6792
1322 6598
1323 2308
1323 5002
1323 5077
1323 5081
1324 861
1324 3586
1324 4261
1324 4282
1324 4795
1324 6583
1324 23569
1324 26191
1325 5191
1325 8540
1326 6005
1327 6006
1327 6007
1329 22934
1330 7421
1330 120227
1331 2296
1331 5308
1332 5308
1333 859
1334 157570
1335 4920
1337 54361
1338 9401
1339 4359
1339 5376
1341 1387
1341 2033
1344 2263
1344 7291
1345 8091
1346 26503
1347 3074
1348 4669
1348 6448
1349 3123
1349 56244
1349 64127
1350 6756
1350 6757
1352 1636
1354 50485
1355 4668
1357 2018
1359 351
1359 1312
1359 3356
1359 5625
1359 6854
1359 9685
1359 27185
1359 65078
1359 319100
1360 4771
1361 3339
1362 3718
1363 50964
1365 2989
1366 348
1367 3356
1368 4627
1369 545
1370 7054
1371 6325
1372 7535
1373 7051
1374 9060
1375 4867
1375 9657
1375 261734
1376 5428
1377 6697
1378 7124
1378 120329
1380 8820
1381 83844
1383 100
1383 915
1383 3561
1383 3575
1383 5788
1383 5896
1383 5897
1383 64421
1384 2516
1385 8915
1386 1908
1387 2690
1387 6473
1387 89884
1388 2200
1389 51119
1391 4758
1391 26503
1392 10020
1393 3043
1394 6331
1396 26580
1397 2719
1398 64240
1398 64241
1399 4838
1399 8701
1400 224
1401 1832
1403 10
1404 9639
1406 9496
1408 1280
1409 546
1410 1717
1411 10743
1412 54808
1414 6469
1415 2778
1416 7078
1417 64324
1418 3329
1418 3798
1418 5354
1418 6683
1418 6687
1418 26278
1418 51062
1418 57679
1418 123606
1419 93986
1422 1618
1423 286
1423 2038
1423 6521
1423 6708
1423 6710
1425 4522
1425 4548
1425 4552
1426 367
1426 2617
1426 3074
1426 3508
1426 6606
1426 9217
1426 26580
1428 773
1428 2259
1428 5521
1428 5582
1428 6310
1428 6311
1428 6314
1428 6315
1428 6908
1428 25814
1428 25894
1428 55775
1428 338435
1430 6468
1430 8626
1432 2317
1433 10683
1433 145873
1435 176
1435 4148
1435 6399
1435 8838
1435 9469
1436 1300
1437 355
1437 3621
1437 8795
1438 9241
1439 24
1439 6785
1440 2741
1441 6772
1442 3156
1444 3872
1445 7750
1446 3106
1447 1280
1447 1301
1447 1302
1449 3845
1454 241
1454 5144
1455 3977
1456 1641
1456 5048
1457 7915
1458 6476
1459 7259
1460 6821
1461 6649
1462 4137
1463 2006
1464 21
1464 6440
1465 546
1466 1080
1467 9241
1468 2697
1469 9241
1470 2192
1470 3239
1471 356
1471 1773
1471 5133
1471 26191
1472 4175
1473 19
1475 9241
1476 4137
1477 3073
1478 472
1478 581
1480 1603
1482 7473
1483 182
1483 1482
1483 23414
1486 3039
1486 3040
1486 3043
1486 3045
1486 387281
1490 2261
1491 10560
1493 3717
1493 7066
1494 2153
1494 4352
1494 7454
1494 84930
1497 875
1497 2153
1497 2244
1497 2266
1497 3053
1497 3273
1497 5624
1497 7056
1497 11093
1502 1806
1503 3265
1503 5108
1503 5573
1503 5728
1503 7157
1503 7253
1503 8031
1503 8805
1503 9562
1503 9950
1503 51592
1504 779
1505 7201
1506 6906
1508 4286
1509 775
1510 1294
1511 1559
1514 6299
1515 6888
1516 6948
1518 1294
1519 23389
1519 55997
1520 6949
1521 64342
1522 1747
1524 7227
1525 2068
1525 2071
1525 136647
1525 404672
1526 3030
1526 3032
1528 4626
1529 6690
1530 23111
1533 3458
1533 3459
1534 3458
1534 7248
1534 7249
1536 324
1536 4292
1536 5395
1538 2492
1540 2184
1540 3242
1540 6898
1542 1291
1542 1292
1542 1293
1543 6926
1544 121278
1545 3848
1550 353
1550 6569
1551 4647
1551 7399
1551 7401
1551 10083
1551 64072
1551 65217
1551 84059
1551 124590
1552 8091
1553 4157
1554 4041
1555 5728
1556 6899
1557 7010
1557 51156
1558 845
1558 2771
1558 6262
1559 3236
1562 2214
1562 4938
1563 1588
1565 2677
1565 79001
1566 7439
1570 37
1571 2706
1571 4014
1572 595
1572 7428
1573 1910
1573 6663
1574 4286
1574 5077
1574 6591
1574 7299
1575 1280
1576 7490
1578 2218
1578 10585
1578 22930
1580 1559
1580 2158
1580 79001
1581 4763
1582 64324
1583 6891
1585 2200
1585 81794
1586 1302
1588 7486
1589 7086
1590 2121
1591 7852
1592 3851
1592 3860
1594 2006
1595 675
1595 2719
1595 7490
1595 11281
1596 540
1598 7454
1599 4487
1600 9451
1601 51422
1603 7466
1604 3988
1607 7498
1608 1643
1608 2068
1608 2071
1608 2072
1608 2073
1608 5429
1608 7507
1608 7508
1610 7503
1611 695
1613 2303
1614 6663
1615 5189
1615 5192
1615 5194
1615 5195
1615 5824
1615 5825
1615 5828
1615 5830
1615 8504
1615 9409
1615 55670
1617 5818
2053 4221
2054 7157
2055 2516
2074 217
2112 1281
2174 7038
2188 5727
2265 4221
2287 4625
2287 6261
2291 4854
2315 8200
2327 4153
2344 9244
2350 4023
2354 1080
2365 4846
2385 6535
2427 359
2427 551
2427 554
2440 3978
2584 9420
2628 3479
2669 174
2785 2697
2903 1893
2937 24
2937 4166
2937 5961
2937 6785
2937 7439
2969 4914
2969 5979
3016 7084
3037 2271
3079 9076
3144 5076
3171 2492
3171 9210
3178 3651
3195 5277
3212 3767
3229 5573
3232 2736
3241 5589
3241 11231
3260 79648
3308 6524
3419 1053
3478 8456
3503 7068
3503 7173
3512 7173
3554 3664
3558 6331
3572 7450
4188 2512
4188 80704
4289 7436
4291 889
4291 11235
4291 83605
4350 729
4350 3561
4354 9150
4666 3990
5016 1716
5016 8803
5037 7157
5144 5080
5170 2492
5232 5449
5232 5626
5232 8022
5232 8820
5233 412
5291 659
5308 5076
6291 9342
6350 85476
7016 80324
7170 2492
7232 5578
7308 525
7308 760
7308 6521
7308 8671
7308 50617
8350 5660
9037 3662
9037 3981
9038 4261
9038 5788
9039 285362
9308 183
9308 185
9308 1636
9308 5972
